0 15
1 6
2 6
3 35
4 9
5 23
6 35
7 44
8 55
9 54
10 73
11 69
12 8
13 77
14 8
15 49
16 76
17 9
18 0
19 7
20 0
21 69
22 16
23 0
24 8
25 39
26 3
27 0
28 50
29 71
30 78
31 3
32 0
33 13
34 5
35 53
36 53
0 15
1 6
2 6
3 35
4 9
5 23
6 35
7 44
8 55
9 54
10 73
11 69
12 8
13 77
14 8
15 49
16 76
17 9
18 0
19 7
20 0
21 69
22 16
23 0
24 8
25 39
26 3
27 0
28 50
29 71
30 78
31 3
32 0
33 13
34 5
35 53
36 53
0 15
1 6
2 6
3 35
4 9
5 23
6 35
7 44
8 55
9 54
10 73
11 69
12 8
13 77
14 8
15 49
16 76
17 9
18 0
19 7
20 0
21 69
22 16
23 0
24 8
25 39
26 3
27 0
28 50
29 71
30 78
31 3
32 0
33 13
34 5
35 53
36 53
